454777770000000054125658888
65
62
25625

+25562
+562265------------------------------------------------------------------------
++++++++++++++++++++++++++++++++++++++++++++++++++++++++++++++++++++++++++++++++++++++++++++++++++++++++++++++++++++++++++++++++++++++++++++++++++++++++--------------------------------------------------------------------------------------------------------------------------------------------------------------------------------------------0000000
580474848565+65333333333332555655500000000000000000000000000000000000000000000000000000000000000
























0























00000
